2025-04-15 20:50:09.145951 - Received CBT.V508.FILE387.PDS from FILE387.XMI 
2025-04-15 20:50:09.147952 - Found $$$#DATE.txt (text/plain) in CBT.V508.FILE387.PDS, moved to PDS/$$$#DATE
2025-04-15 20:50:09.148305 - Found $$README.txt (text/plain) in CBT.V508.FILE387.PDS, moved to PDS/$$README
2025-04-15 20:50:09.148986 - Found $$XPLPAS.txt (text/plain) in CBT.V508.FILE387.PDS, moved to PDS/$$XPLPAS
2025-04-15 20:50:09.149036 - Found @FILE387.txt (text/plain) in CBT.V508.FILE387.PDS, moved to PDS/@FILE387
2025-04-15 20:50:09.149510 - Found FILE01.txt (text/plain) in CBT.V508.FILE387.PDS, moved to PDS/FILE01
2025-04-15 20:50:09.150464 - Found FILE02.txt (text/plain) in CBT.V508.FILE387.PDS, moved to PDS/FILE02
2025-04-15 20:50:09.151345 - Found FILE03.txt (text/plain) in CBT.V508.FILE387.PDS, moved to PDS/FILE03
2025-04-15 20:50:09.151981 - Found FILE04.bin (application/octet-stream) in CBT.V508.FILE387.PDS, moved to PDS/FILE04
2025-04-15 20:50:09.153237 - Found FILE05.txt (text/plain) in CBT.V508.FILE387.PDS, moved to PDS/FILE05
2025-04-15 20:50:09.154002 - Found FILE06.bin (application/octet-stream) in CBT.V508.FILE387.PDS, moved to PDS/FILE06
2025-04-15 20:50:09.155467 - Found FILE07.txt (text/plain) in CBT.V508.FILE387.PDS, moved to PDS/FILE07
2025-04-15 20:50:09.156408 - Found FILE08.bin (application/octet-stream) in CBT.V508.FILE387.PDS, moved to PDS/FILE08
2025-04-15 20:50:09.157357 - Found FILE09.txt (text/plain) in CBT.V508.FILE387.PDS, moved to PDS/FILE09
2025-04-15 20:50:09.158162 - Found FILE10.bin (application/octet-stream) in CBT.V508.FILE387.PDS, moved to PDS/FILE10
2025-04-15 20:50:09.158788 - Found FILE11.txt (text/plain) in CBT.V508.FILE387.PDS, moved to PDS/FILE11
2025-04-15 20:50:09.159181 - Found FILE12.bin (application/octet-stream) in CBT.V508.FILE387.PDS, moved to PDS/FILE12
2025-04-15 20:50:09.159858 - Found FILE13.txt (text/plain) in CBT.V508.FILE387.PDS, moved to PDS/FILE13
2025-04-15 20:50:09.160932 - Found FILE14.txt (text/plain) in CBT.V508.FILE387.PDS, moved to PDS/FILE14
2025-04-15 20:50:09.161898 - Found FILE15.bin (application/octet-stream) in CBT.V508.FILE387.PDS, moved to PDS/FILE15
2025-04-15 20:50:09.162950 - Found FILE16.txt (text/plain) in CBT.V508.FILE387.PDS, moved to PDS/FILE16
2025-04-15 20:50:09.163158 - Found FILE17.txt (text/plain) in CBT.V508.FILE387.PDS, moved to PDS/FILE17
2025-04-15 20:50:09.163718 - Found FILE18.txt (text/plain) in CBT.V508.FILE387.PDS, moved to PDS/FILE18
2025-04-15 20:50:09.163955 - Found FILE19.txt (text/plain) in CBT.V508.FILE387.PDS, moved to PDS/FILE19
2025-04-15 20:50:09.164275 - Found FILE20.txt (text/plain) in CBT.V508.FILE387.PDS, moved to PDS/FILE20
2025-04-15 20:50:09.164811 - Found FILE21.txt (text/plain) in CBT.V508.FILE387.PDS, moved to PDS/FILE21
2025-04-15 20:50:09.165210 - Found FILE22.txt (text/plain) in CBT.V508.FILE387.PDS, moved to PDS/FILE22
2025-04-15 20:50:09.165415 - Found FILE23.txt (text/plain) in CBT.V508.FILE387.PDS, moved to PDS/FILE23
2025-04-15 20:50:09.165593 - Found FILE24.txt (text/plain) in CBT.V508.FILE387.PDS, moved to PDS/FILE24
2025-04-15 20:50:09.165824 - Found FILE25.txt (text/plain) in CBT.V508.FILE387.PDS, moved to PDS/FILE25
