2025-04-13 19:14:49.859388 - Received CBT.V508.FILE387.PDS from FILE387.XMI 
2025-04-13 19:14:49.861168 - Found $$$#DATE.txt (text/plain) in CBT.V508.FILE387.PDS, moved to PDS/$$$#DATE
2025-04-13 19:14:49.861290 - Found $$README.txt (text/plain) in CBT.V508.FILE387.PDS, moved to PDS/$$README
2025-04-13 19:14:49.861419 - Found $$XPLPAS.txt (text/plain) in CBT.V508.FILE387.PDS, moved to PDS/$$XPLPAS
2025-04-13 19:14:49.861511 - Found @FILE387.txt (text/plain) in CBT.V508.FILE387.PDS, moved to PDS/@FILE387
2025-04-13 19:14:49.861618 - Found FILE01.txt (text/plain) in CBT.V508.FILE387.PDS, moved to PDS/FILE01
2025-04-13 19:14:49.861886 - Found FILE02.txt (text/plain) in CBT.V508.FILE387.PDS, moved to PDS/FILE02
2025-04-13 19:14:49.862070 - Found FILE03.txt (text/plain) in CBT.V508.FILE387.PDS, moved to PDS/FILE03
2025-04-13 19:14:49.862214 - Found FILE04.bin (application/octet-stream) in CBT.V508.FILE387.PDS, moved to PDS/FILE04
2025-04-13 19:14:49.862465 - Found FILE05.txt (text/plain) in CBT.V508.FILE387.PDS, moved to PDS/FILE05
2025-04-13 19:14:49.862646 - Found FILE06.bin (application/octet-stream) in CBT.V508.FILE387.PDS, moved to PDS/FILE06
2025-04-13 19:14:49.862954 - Found FILE07.txt (text/plain) in CBT.V508.FILE387.PDS, moved to PDS/FILE07
2025-04-13 19:14:49.863173 - Found FILE08.bin (application/octet-stream) in CBT.V508.FILE387.PDS, moved to PDS/FILE08
2025-04-13 19:14:49.863431 - Found FILE09.txt (text/plain) in CBT.V508.FILE387.PDS, moved to PDS/FILE09
2025-04-13 19:14:49.863639 - Found FILE10.bin (application/octet-stream) in CBT.V508.FILE387.PDS, moved to PDS/FILE10
2025-04-13 19:14:49.863759 - Found FILE11.txt (text/plain) in CBT.V508.FILE387.PDS, moved to PDS/FILE11
2025-04-13 19:14:49.863877 - Found FILE12.bin (application/octet-stream) in CBT.V508.FILE387.PDS, moved to PDS/FILE12
2025-04-13 19:14:49.863981 - Found FILE13.txt (text/plain) in CBT.V508.FILE387.PDS, moved to PDS/FILE13
2025-04-13 19:14:49.864175 - Found FILE14.txt (text/plain) in CBT.V508.FILE387.PDS, moved to PDS/FILE14
2025-04-13 19:14:49.864391 - Found FILE15.bin (application/octet-stream) in CBT.V508.FILE387.PDS, moved to PDS/FILE15
2025-04-13 19:14:49.864664 - Found FILE16.txt (text/plain) in CBT.V508.FILE387.PDS, moved to PDS/FILE16
2025-04-13 19:14:49.864780 - Found FILE17.txt (text/plain) in CBT.V508.FILE387.PDS, moved to PDS/FILE17
2025-04-13 19:14:49.864915 - Found FILE18.txt (text/plain) in CBT.V508.FILE387.PDS, moved to PDS/FILE18
2025-04-13 19:14:49.865022 - Found FILE19.txt (text/plain) in CBT.V508.FILE387.PDS, moved to PDS/FILE19
2025-04-13 19:14:49.865137 - Found FILE20.txt (text/plain) in CBT.V508.FILE387.PDS, moved to PDS/FILE20
2025-04-13 19:14:49.865257 - Found FILE21.txt (text/plain) in CBT.V508.FILE387.PDS, moved to PDS/FILE21
2025-04-13 19:14:49.865384 - Found FILE22.txt (text/plain) in CBT.V508.FILE387.PDS, moved to PDS/FILE22
2025-04-13 19:14:49.865473 - Found FILE23.txt (text/plain) in CBT.V508.FILE387.PDS, moved to PDS/FILE23
2025-04-13 19:14:49.865546 - Found FILE24.txt (text/plain) in CBT.V508.FILE387.PDS, moved to PDS/FILE24
2025-04-13 19:14:49.865614 - Found FILE25.txt (text/plain) in CBT.V508.FILE387.PDS, moved to PDS/FILE25
